step: 1
[5, 1, 3, 4]
[2, 7, 8, 12]
[9, 6, 11, 15]
[0, 13, 10, 14]
step: 2
[5, 1, 3, 4]
[2, 7, 8, 12]
[9, 6, 11, 15]
[13, 0, 10, 14]
step: 3
[5, 1, 3, 4]
[2, 7, 8, 12]
[9, 6, 11, 15]
[13, 10, 0, 14]
step: 4
[5, 1, 3, 4]
[2, 7, 8, 12]
[9, 6, 11, 15]
[13, 10, 14, 0]
step: 5
[5, 1, 3, 4]
[2, 7, 8, 12]
[9, 6, 11, 0]
[13, 10, 14, 15]
step: 6
[5, 1, 3, 4]
[2, 7, 8, 0]
[9, 6, 11, 12]
[13, 10, 14, 15]
step: 7
[5, 1, 3, 4]
[2, 7, 0, 8]
[9, 6, 11, 12]
[13, 10, 14, 15]
step: 8
[5, 1, 3, 4]
[2, 0, 7, 8]
[9, 6, 11, 12]
[13, 10, 14, 15]
step: 9
[5, 1, 3, 4]
[0, 2, 7, 8]
[9, 6, 11, 12]
[13, 10, 14, 15]
step: 10
[0, 1, 3, 4]
[5, 2, 7, 8]
[9, 6, 11, 12]
[13, 10, 14, 15]
step: 11
[1, 0, 3, 4]
[5, 2, 7, 8]
[9, 6, 11, 12]
[13, 10, 14, 15]
step: 12
[1, 2, 3, 4]
[5, 0, 7, 8]
[9, 6, 11, 12]
[13, 10, 14, 15]
step: 13
[1, 2, 3, 4]
[5, 6, 7, 8]
[9, 0, 11, 12]
[13, 10, 14, 15]
step: 14
[1, 2, 3, 4]
[5, 6, 7, 8]
[9, 10, 11, 12]
[13, 0, 14, 15]
step: 15
[1, 2, 3, 4]
[5, 6, 7, 8]
[9, 10, 11, 12]
[13, 14, 0, 15]
step: 16
[1, 2, 3, 4]
[5, 6, 7, 8]
[9, 10, 11, 12]
[13, 14, 15, 0]

Total step: 16
