step: 1
[6, 10, 3, 15]
[14, 8, 7, 11]
[5, 1, 0, 2]
[13, 12, 9, 4]
step: 2
[6, 10, 3, 15]
[14, 8, 7, 11]
[5, 1, 2, 0]
[13, 12, 9, 4]
step: 3
[6, 10, 3, 15]
[14, 8, 7, 0]
[5, 1, 2, 11]
[13, 12, 9, 4]
step: 4
[6, 10, 3, 15]
[14, 8, 0, 7]
[5, 1, 2, 11]
[13, 12, 9, 4]
step: 5
[6, 10, 3, 15]
[14, 8, 2, 7]
[5, 1, 0, 11]
[13, 12, 9, 4]
step: 6
[6, 10, 3, 15]
[14, 8, 2, 7]
[5, 1, 9, 11]
[13, 12, 0, 4]
step: 7
[6, 10, 3, 15]
[14, 8, 2, 7]
[5, 1, 9, 11]
[13, 12, 4, 0]
step: 8
[6, 10, 3, 15]
[14, 8, 2, 7]
[5, 1, 9, 0]
[13, 12, 4, 11]
step: 9
[6, 10, 3, 15]
[14, 8, 2, 0]
[5, 1, 9, 7]
[13, 12, 4, 11]
step: 10
[6, 10, 3, 0]
[14, 8, 2, 15]
[5, 1, 9, 7]
[13, 12, 4, 11]
step: 11
[6, 10, 0, 3]
[14, 8, 2, 15]
[5, 1, 9, 7]
[13, 12, 4, 11]
step: 12
[6, 10, 2, 3]
[14, 8, 0, 15]
[5, 1, 9, 7]
[13, 12, 4, 11]
step: 13
[6, 10, 2, 3]
[14, 0, 8, 15]
[5, 1, 9, 7]
[13, 12, 4, 11]
step: 14
[6, 10, 2, 3]
[14, 1, 8, 15]
[5, 0, 9, 7]
[13, 12, 4, 11]
step: 15
[6, 10, 2, 3]
[14, 1, 8, 15]
[5, 9, 0, 7]
[13, 12, 4, 11]
step: 16
[6, 10, 2, 3]
[14, 1, 8, 15]
[5, 9, 4, 7]
[13, 12, 0, 11]
step: 17
[6, 10, 2, 3]
[14, 1, 8, 15]
[5, 9, 4, 7]
[13, 0, 12, 11]
step: 18
[6, 10, 2, 3]
[14, 1, 8, 15]
[5, 9, 4, 7]
[0, 13, 12, 11]
step: 19
[6, 10, 2, 3]
[14, 1, 8, 15]
[0, 9, 4, 7]
[5, 13, 12, 11]
step: 20
[6, 10, 2, 3]
[0, 1, 8, 15]
[14, 9, 4, 7]
[5, 13, 12, 11]
step: 21
[6, 10, 2, 3]
[1, 0, 8, 15]
[14, 9, 4, 7]
[5, 13, 12, 11]
step: 22
[6, 10, 2, 3]
[1, 9, 8, 15]
[14, 0, 4, 7]
[5, 13, 12, 11]
step: 23
[6, 10, 2, 3]
[1, 9, 8, 15]
[0, 14, 4, 7]
[5, 13, 12, 11]
step: 24
[6, 10, 2, 3]
[1, 9, 8, 15]
[5, 14, 4, 7]
[0, 13, 12, 11]
step: 25
[6, 10, 2, 3]
[1, 9, 8, 15]
[5, 14, 4, 7]
[13, 0, 12, 11]
step: 26
[6, 10, 2, 3]
[1, 9, 8, 15]
[5, 0, 4, 7]
[13, 14, 12, 11]
step: 27
[6, 10, 2, 3]
[1, 0, 8, 15]
[5, 9, 4, 7]
[13, 14, 12, 11]
step: 28
[6, 0, 2, 3]
[1, 10, 8, 15]
[5, 9, 4, 7]
[13, 14, 12, 11]
step: 29
[0, 6, 2, 3]
[1, 10, 8, 15]
[5, 9, 4, 7]
[13, 14, 12, 11]
step: 30
[1, 6, 2, 3]
[0, 10, 8, 15]
[5, 9, 4, 7]
[13, 14, 12, 11]
step: 31
[1, 6, 2, 3]
[5, 10, 8, 15]
[0, 9, 4, 7]
[13, 14, 12, 11]
step: 32
[1, 6, 2, 3]
[5, 10, 8, 15]
[9, 0, 4, 7]
[13, 14, 12, 11]
step: 33
[1, 6, 2, 3]
[5, 0, 8, 15]
[9, 10, 4, 7]
[13, 14, 12, 11]
step: 34
[1, 0, 2, 3]
[5, 6, 8, 15]
[9, 10, 4, 7]
[13, 14, 12, 11]
step: 35
[1, 2, 0, 3]
[5, 6, 8, 15]
[9, 10, 4, 7]
[13, 14, 12, 11]
step: 36
[1, 2, 8, 3]
[5, 6, 0, 15]
[9, 10, 4, 7]
[13, 14, 12, 11]
step: 37
[1, 2, 8, 3]
[5, 6, 4, 15]
[9, 10, 0, 7]
[13, 14, 12, 11]
step: 38
[1, 2, 8, 3]
[5, 6, 4, 15]
[9, 10, 7, 0]
[13, 14, 12, 11]
step: 39
[1, 2, 8, 3]
[5, 6, 4, 0]
[9, 10, 7, 15]
[13, 14, 12, 11]
step: 40
[1, 2, 8, 3]
[5, 6, 0, 4]
[9, 10, 7, 15]
[13, 14, 12, 11]
step: 41
[1, 2, 0, 3]
[5, 6, 8, 4]
[9, 10, 7, 15]
[13, 14, 12, 11]
step: 42
[1, 2, 3, 0]
[5, 6, 8, 4]
[9, 10, 7, 15]
[13, 14, 12, 11]
step: 43
[1, 2, 3, 4]
[5, 6, 8, 0]
[9, 10, 7, 15]
[13, 14, 12, 11]
step: 44
[1, 2, 3, 4]
[5, 6, 0, 8]
[9, 10, 7, 15]
[13, 14, 12, 11]
step: 45
[1, 2, 3, 4]
[5, 6, 7, 8]
[9, 10, 0, 15]
[13, 14, 12, 11]
step: 46
[1, 2, 3, 4]
[5, 6, 7, 8]
[9, 10, 15, 0]
[13, 14, 12, 11]
step: 47
[1, 2, 3, 4]
[5, 6, 7, 8]
[9, 10, 15, 11]
[13, 14, 12, 0]
step: 48
[1, 2, 3, 4]
[5, 6, 7, 8]
[9, 10, 15, 11]
[13, 14, 0, 12]
step: 49
[1, 2, 3, 4]
[5, 6, 7, 8]
[9, 10, 0, 11]
[13, 14, 15, 12]
step: 50
[1, 2, 3, 4]
[5, 6, 7, 8]
[9, 10, 11, 0]
[13, 14, 15, 12]
step: 51
[1, 2, 3, 4]
[5, 6, 7, 8]
[9, 10, 11, 12]
[13, 14, 15, 0]

Total step: 51
